1.505016722408026868e-07
2.307692307692307812e-07
2.809364548494983170e-07
3.210702341137123774e-07
3.411371237458193811e-07
3.612040133779264378e-07
3.812709030100334416e-07
4.013377926421404982e-07
4.113712374581940001e-07
4.214046822742475020e-07
4.414715719063545057e-07
4.515050167224080076e-07
4.615384615384615624e-07
4.615384615384615624e-07
4.715719063545150642e-07
4.816053511705685132e-07
4.916387959866220680e-07
4.916387959866220680e-07
5.016722408026756228e-07
5.117056856187290717e-07
5.117056856187290717e-07
5.217391304347826265e-07
5.217391304347826265e-07
5.317725752508360754e-07
5.317725752508360754e-07
5.418060200668896303e-07
5.418060200668896303e-07
5.518394648829431851e-07
5.518394648829431851e-07
5.618729096989966340e-07
5.618729096989966340e-07
5.618729096989966340e-07
5.719063545150501888e-07
5.719063545150501888e-07
5.719063545150501888e-07
5.819397993311036377e-07
5.819397993311036377e-07
5.819397993311036377e-07
5.919732441471571925e-07
5.919732441471571925e-07
