3.522012578616351999e-06
4.628930817610062918e-06
5.132075471698112720e-06
5.433962264150943278e-06
5.735849056603772990e-06
5.937106918238993080e-06
6.037735849056603548e-06
6.238993710691823638e-06
6.339622641509433260e-06
6.440251572327043728e-06
6.540880503144654197e-06
6.641509433962263818e-06
6.641509433962263818e-06
6.742138364779874287e-06
6.842767295597483908e-06
6.842767295597483908e-06
6.943396226415094377e-06
6.943396226415094377e-06
7.044025157232703999e-06
7.044025157232703999e-06
7.144654088050314467e-06
7.144654088050314467e-06
7.245283018867924089e-06
7.245283018867924089e-06
7.245283018867924089e-06
7.345911949685534557e-06
7.345911949685534557e-06
7.345911949685534557e-06
7.446540880503144179e-06
7.446540880503144179e-06
7.446540880503144179e-06
7.446540880503144179e-06
7.547169811320754647e-06
7.547169811320754647e-06
7.547169811320754647e-06
7.547169811320754647e-06
7.647798742138365116e-06
7.647798742138365116e-06
7.647798742138365116e-06
7.647798742138365116e-06
